0.015397 0.000012
0.035411 0.000063
0.055373 0.000153
0.075366 0.000284
0.095374 0.000455
0.115374 0.000666
0.135396 0.000917
0.155395 0.001207
0.175370 0.001538
0.195383 0.001909
0.215400 0.002320
0.235372 0.002770
0.255378 0.003261
0.275379 0.003792
0.295380 0.004362
0.315381 0.004973
0.335382 0.005624
0.355389 0.006315
0.375384 0.007046
0.395477 0.007820
0.415378 0.008627
0.435406 0.009479
0.455390 0.010369
0.475382 0.011299
0.495384 0.012270
0.515398 0.013282
0.535383 0.014332
0.555406 0.015424
0.575382 0.016553
0.595389 0.017724
0.615425 0.018937
0.635386 0.020186
0.655412 0.021478
0.675391 0.022808
0.695395 0.024179
0.715387 0.025589
0.735411 0.027041
0.755387 0.028530
0.775397 0.030062
0.795393 0.031633
0.815419 0.033245
0.835399 0.034895
0.855424 0.036588
0.875421 0.038318
0.895417 0.040089
0.915396 0.041897
0.935398 0.043748
0.955398 0.045639
0.975422 0.047572
0.995399 0.049541
1.015425 0.051554
1.035432 0.053606
1.055433 0.055697
1.075401 0.057824
1.095402 0.059995
1.115408 0.062207
1.135449 0.064462
1.155426 0.066750
1.175431 0.069082
1.195440 0.071454
1.215432 0.073864
1.235407 0.076312
1.255408 0.078802
1.275408 0.081333
1.295408 0.083904
1.315409 0.086515
1.335410 0.089166
1.355409 0.091857
1.375416 0.094588
1.395415 0.097359
1.415417 0.100170
1.435441 0.103025
1.455436 0.105915
1.475440 0.108846
1.495440 0.111817
1.515419 0.114825
1.535416 0.117875
1.555423 0.120967
1.575445 0.124101
1.595419 0.127268
1.615422 0.130479
1.635446 0.133734
1.655457 0.137027
1.675445 0.140356
1.695428 0.143724
1.715420 0.147133
1.735422 0.150584
1.755422 0.154075
1.775451 0.157611
1.795445 0.161181
1.815450 0.164793
1.835429 0.168440
1.855455 0.172136
1.875457 0.175867
1.895451 0.179637
1.915453 0.183448
1.935453 0.187299
1.955429 0.191185
1.975429 0.195116
1.995429 0.199087
2.015460 0.203104
2.035453 0.207153
2.055439 0.211241
2.075458 0.215376
2.095433 0.219542
2.115434 0.223753
2.135439 0.228005
2.155459 0.232300
2.175436 0.236626
2.195444 0.240999
2.215436 0.245408
2.235438 0.249859
2.255438 0.254350
2.275464 0.258887
2.295464 0.263458
2.315465 0.268069
2.335442 0.272714
2.355442 0.277405
2.375475 0.282144
2.395467 0.286913
2.415467 0.291724
2.435449 0.296571
2.455447 0.301461
2.475445 0.306391
2.495446 0.311363
2.515470 0.316379
2.535447 0.321425
2.555479 0.326524
2.575448 0.331647
2.595452 0.336819
2.615480 0.341976
2.635472 0.347006
2.655475 0.351918
2.675477 0.356711
2.695484 0.361384
2.715480 0.365935
2.735481 0.370367
2.755458 0.374674
2.775489 0.378872
2.795481 0.382942
2.815487 0.386895
2.835483 0.390726
2.855489 0.394439
2.875490 0.398030
2.895457 0.401496
2.915479 0.404852
2.935460 0.408081
2.955460 0.411193
2.975461 0.414185
2.995488 0.417060
3.015462 0.419808
3.035498 0.422445
3.055497 0.424956
3.075488 0.427347
3.095466 0.429616
3.115470 0.431768
3.135468 0.433800
3.155469 0.435712
3.175463 0.437503
3.195479 0.439176
3.215472 0.440727
3.235475 0.442159
3.255470 0.443471
3.275469 0.444663
3.295495 0.445736
3.315473 0.446686
3.335472 0.447518
3.355502 0.448231
3.375504 0.448823
3.395501 0.449294
3.415499 0.449646
3.435475 0.449877
3.455499 0.449989
3.475475 0.450000
3.495503 0.450000
3.515478 0.450000
3.535478 0.450000
3.555514 0.450000
3.575505 0.450000
3.595482 0.450000
3.615486 0.450000
3.635486 0.450000
3.655482 0.450000
3.675483 0.450000
3.695491 0.450000
3.715484 0.450000
3.735485 0.450000
3.755510 0.450000
3.775515 0.450000
3.795492 0.450000
3.815487 0.450000
3.835488 0.450000
3.855490 0.450000
3.875548 0.450000
3.895515 0.450000
3.915490 0.450000
3.935495 0.450000
3.955491 0.450000
3.975492 0.450000
3.995509 0.450000
4.015495 0.450000
4.035502 0.450000
4.055503 0.450000
4.075495 0.450000
4.095496 0.450000
4.115521 0.450000
4.135523 0.450000
4.155502 0.450000
4.175497 0.450000
4.195508 0.450000
4.215500 0.450000
4.235500 0.450000
4.255500 0.450000
4.275528 0.450000
4.295526 0.450000
4.315505 0.450000
4.335543 0.450000
4.355529 0.450000
4.375510 0.450000
4.395504 0.450000
4.415506 0.450000
4.435508 0.450000
4.455536 0.450000
4.475533 0.450000
4.495509 0.450000
4.515539 0.450000
4.535532 0.450000
4.555545 0.450000
4.575511 0.450000
4.595541 0.450000
4.615543 0.450000
4.635516 0.450000
4.655513 0.450000
4.675543 0.450000
4.695526 0.450000
4.715545 0.450000
4.735539 0.450000
4.755543 0.450000
4.775518 0.450000
4.795553 0.450000
4.815550 0.450000
4.835525 0.450000
4.855550 0.450000
4.875550 0.450000
4.895524 0.450000
4.915527 0.450000
4.935554 0.450000
4.955550 0.450000
4.975548 0.450000
4.995528 0.450000
5.015530 0.450000
5.035537 0.450000
5.055535 0.450000
5.075556 0.450000
5.095554 0.450000
5.115552 0.450000
5.135532 0.450000
5.155533 0.450000
5.175530 0.450000
5.195538 0.450000
5.215559 0.450000
5.235558 0.450000
5.255556 0.450000
5.275558 0.450000
5.295536 0.450000
5.315539 0.450000
5.335535 0.450000
5.355583 0.450000
5.375542 0.450000
5.395605 0.450000
5.415541 0.450000
5.435534 0.450000
5.455535 0.450000
5.475565 0.450000
5.495561 0.450000
5.515536 0.450000
5.535546 0.450000
5.555552 0.450000
5.575542 0.450000
5.595569 0.450000
5.615545 0.450000
5.635567 0.450000
5.655549 0.450000
5.675584 0.450000
5.695553 0.450000
5.715550 0.450000
5.735547 0.450000
5.755573 0.450000
5.775576 0.450000
5.795575 0.450000
5.815553 0.450000
5.835577 0.450000
5.855590 0.450000
5.875582 0.450000
5.895551 0.450000
5.915557 0.450000
5.935553 0.450000
5.955558 0.450000
5.975555 0.450000
5.995557 0.450000
6.015556 0.450000
6.035596 0.450000
6.055565 0.450000
6.075558 0.450000
6.095561 0.450000
6.115563 0.450000
6.135582 0.450000
6.155562 0.450000
6.175560 0.450000
6.195565 0.450000
6.215563 0.450000
6.235559 0.450000
6.255565 0.450000
6.275564 0.450000
6.295562 0.450000
6.315566 0.450000
6.335564 0.450000
6.355563 0.450000
6.375569 0.450000
6.395565 0.450000
6.415568 0.450000
6.435573 0.450000
6.455567 0.450000
6.475569 0.450000
6.495568 0.450000
6.515574 0.450000
6.535576 0.450000
6.555581 0.450000
6.575570 0.450000
6.595578 0.450000
6.615577 0.450000
6.635574 0.450000
6.655575 0.450000
6.675578 0.450000
6.695582 0.450000
6.715574 0.450000
6.735577 0.450000
6.755577 0.450000
6.775579 0.450000
6.795582 0.450000
6.815579 0.450000
6.835585 0.450000
6.855582 0.450000
6.875589 0.450000
6.895586 0.450000
6.915583 0.450000
6.935585 0.450000
6.955587 0.450000
6.975587 0.450000
6.995583 0.450000
7.015582 0.450000
7.035594 0.450000
7.055617 0.450000
7.075591 0.450000
7.095590 0.450000
